111001001
001000000
000100000
111110010
000101111
001000111
100110001
001001011
100110001
011011101
111111000
000101111
011011110
111110100
011011111
111110000
111111111
000101111
010101101
000011100
001110010
010110011
101000011
111110001
000100111
011101111
100111111
001110010
010111101
101000011
011011111
111110000
001110001
010110000
101000011
011101100
100110001
001110100
010111000
101000011
011011100
111110000
001110001
010110111
101000011
111111111
000101111
010101110
000111111
000101010
000000111
011101110
011111110
001110100
010110000
110000011
011101110
100111111
001110100
010111000
101000011
001110000
010111101
110000011
011101101
001001011
100110001
011011101
111110000
001110011
010111000
101000011
011100000
111010000
100010101
111100000
100100001
000100110
001010001
001100000
